20 4
1 1 1 1 
1 1 0 0 
1 1 0 1 
0 0 1 1 
0 1 1 1 
0 0 1 1 
1 1 1 1 
1 1 0 1 
1 0 1 1 
1 0 1 0 
1 1 1 1 
1 1 1 1 
1 1 1 1 
1 1 1 1 
1 1 0 1 
1 1 0 1 
0 1 1 1 
1 0 1 0 
1 1 0 1 
0 1 0 1 
0 13.1896 0 0 0 0 0 0 0 0 0 0 0 0 0 0 0 0 0 0 
0 0 0 0 0 0 0 10.168 0 0 0 0 0 0 0 0 0 0 0 0 
0 0 0 0 0 0 0 0 15.468 0 0 0 0 0 0 0 0 0 0 0 
0 0 0 0 14.7605 0 0 0 0 0 0 0 0 0 0 0 0 0 0 0 
0 0 0 0 0 0 0 0 0 0 0 0 0 0 0 0 0 0 9.14139 0 
0 0 12.9796 0 0 0 0 0 0 0 0 0 0 0 0 0 0 0 0 0 
14.0964 0 0 0 0 0 0 0 0 0 0 0 0 0 0 0 0 0 0 0 
0 0 0 0 0 0 0 0 0 0 0 15.4653 0 0 0 0 0 0 0 0 
0 0 0 0 11.0631 0 0 0 0 0 0 0 0 0 0 0 0 0 0 0 
0 0 0 0 0 0 13.5829 0 0 0 0 0 0 0 0 0 0 0 0 0 
0 0 0 0 0 0 0 0 0 0 0 0 0 0 0 0 13.4306 0 0 0 
0 0 0 0 11.7445 0 0 0 0 0 0 0 0 0 0 0 0 0 0 0 
0 0 0 0 0 0 0 0 0 0 0 0 0 0 0 0 0 8.13697 0 0 
0 0 0 0 0 0 0 0 0 0 0 0 0 0 0 0 9.43413 0 0 0 
0 0 0 0 0 0 0 0 0 0 0 11.8903 0 0 0 0 0 0 0 0 
0 0 0 0 0 0 0 0 0 0 0 0 0 0 0 0 13.1852 0 0 0 
0 0 0 0 0 0 0 12.965 0 0 0 0 0 0 0 0 0 0 0 0 
0 0 0 0 0 0 0 0 0 0 0 0 0 0 10.7603 0 0 0 0 0 
0 0 0 0 0 0 0 0 12.8292 0 0 0 0 0 0 0 0 0 0 0 
0 0 0 0 0 0 0 0 0 0 0 0 0 0 11.7865 0 0 0 0 0 
50.3006 61.5528 88.9615 94.3144 
68.2461 59.028 57.0476 0 0 0 91.1579 51.5403 65.6227 52.5828 54.3687 45.1634 46.8169 57.225 62.4503 74.8003 0 66.5627 51.1643 0 
43.7449 83.6552 95.5223 0 56.5413 0 94.4392 30.3909 0 0 41.0318 56.332 65.6056 86.7379 38.0517 40.2713 99.2309 0 88.1863 40.7862 
48.7097 0 0 50.3696 86.2401 99.6902 50.3653 0 37.6565 35.6569 83.5185 84.8857 59.3399 45.0844 0 0 91.1472 86.1931 0 0 
77.0327 0 64.5695 32.8007 97.5134 44.3538 88.3551 45.4219 84.0397 0 92.6875 96.4025 81.8265 54.1871 71.1771 43.0934 58.3764 0 45.3407 53.2301 
